O 500.131250
-10000000
-9960861
-9921722
-9882583
-9843444
-9804305
-9765166
-9726027
-9686888
-9647750
-9608611
-9569472
-9530333
-9491194
-9452055
-9412916
-9373777
-9334638
-9295499
-9256360
-9217221
-9178082
-9138943
-9099804
-9060665
-9021526
-8982387
-8943249
-8904110
-8864971
-8825832
-8786693
-8747554
-8708415
-8669276
-8630137
-8590998
-8551859
-8512720
-8473581
-8434442
-8395303
-8356164
-8317025
-8277886
-8238748
-8199609
-8160470
-8121331
-8082192
-8043053
-8003914
-7964775
-7925636
-7886497
-7847358
-7808219
-7769080
-7729941
-7690802
-7651663
-7612524
-7573386
-7534247
-7495108
-7455969
-7416830
-7377691
-7338552
-7299413
-7260274
-7221135
-7181996
-7142857
-7103718
-7064579
-7025440
-6986301
-6947162
-6908023
-6868885
-6829746
-6790607
-6751468
-6712329
-6673190
-6634051
-6594912
-6555773
-6516634
-6477495
-6438356
-6399217
-6360078
-6320939
-6281800
-6242661
-6203523
-6164384
-6125245
-6086106
-6046967
-6007828
-5968689
-5929550
-5890411
-5851272
-5812133
-5772994
-5733855
-5694716
-5655577
-5616438
-5577299
-5538160
-5499022
-5459883
-5420744
-5381605
-5342466
-5303327
-5264188
-5225049
-5185910
-5146771
-5107632
-5068493
-5029354
-4990215
-4951076
-4911937
-4872798
-4833659
-4794521
-4755382
-4716243
-4677104
-4637965
-4598826
-4559687
-4520548
-4481409
-4442270
-4403131
-4363992
-4324853
-4285714
-4246575
-4207436
-4168297
-4129159
-4090020
-4050881
-4011742
-3972603
-3933464
-3894325
-3855186
-3816047
-3776908
-3737769
-3698630
-3659491
-3620352
-3581213
-3542074
-3502935
-3463796
-3424658
-3385519
-3346380
-3307241
-3268102
-3228963
-3189824
-3150685
-3111546
-3072407
-3033268
-2994129
-2954990
-2915851
-2876712
-2837573
-2798434
-2759295
-2720157
-2681018
-2641879
-2602740
-2563601
-2524462
-2485323
-2446184
-2407045
-2367906
-2328767
-2289628
-2250489
-2211350
-2172211
-2133072
-2093933
-2054795
-2015656
-1976517
-1937378
-1898239
-1859100
-1819961
-1780822
-1741683
-1702544
-1663405
-1624266
-1585127
-1545988
-1506849
-1467710
-1428571
-1389432
-1350294
-1311155
-1272016
-1232877
-1193738
-1154599
-1115460
-1076321
-1037182
 -998043
 -958904
 -919765
 -880626
 -841487
 -802348
 -763209
 -724070
 -684932
 -645793
 -606654
 -567515
 -528376
 -489237
 -450098
 -410959
 -371820
 -332681
 -293542
 -254403
 -215264
 -176125
 -136986
  -97847
  -58708
  -19569
   19569
   58708
   97847
  136986
  176125
  215264
  254403
  293542
  332681
  371820
  410959
  450098
  489237
  528376
  567515
  606654
  645793
  684932
  724070
  763209
  802348
  841487
  880626
  919765
  958904
  998043
 1037182
 1076321
 1115460
 1154599
 1193738
 1232877
 1272016
 1311155
 1350294
 1389432
 1428571
 1467710
 1506849
 1545988
 1585127
 1624266
 1663405
 1702544
 1741683
 1780822
 1819961
 1859100
 1898239
 1937378
 1976517
 2015656
 2054795
 2093933
 2133072
 2172211
 2211350
 2250489
 2289628
 2328767
 2367906
 2407045
 2446184
 2485323
 2524462
 2563601
 2602740
 2641879
 2681018
 2720157
 2759295
 2798434
 2837573
 2876712
 2915851
 2954990
 2994129
 3033268
 3072407
 3111546
 3150685
 3189824
 3228963
 3268102
 3307241
 3346380
 3385519
 3424658
 3463796
 3502935
 3542074
 3581213
 3620352
 3659491
 3698630
 3737769
 3776908
 3816047
 3855186
 3894325
 3933464
 3972603
 4011742
 4050881
 4090020
 4129159
 4168297
 4207436
 4246575
 4285714
 4324853
 4363992
 4403131
 4442270
 4481409
 4520548
 4559687
 4598826
 4637965
 4677104
 4716243
 4755382
 4794521
 4833659
 4872798
 4911937
 4951076
 4990215
 5029354
 5068493
 5107632
 5146771
 5185910
 5225049
 5264188
 5303327
 5342466
 5381605
 5420744
 5459883
 5499022
 5538160
 5577299
 5616438
 5655577
 5694716
 5733855
 5772994
 5812133
 5851272
 5890411
 5929550
 5968689
 6007828
 6046967
 6086106
 6125245
 6164384
 6203523
 6242661
 6281800
 6320939
 6360078
 6399217
 6438356
 6477495
 6516634
 6555773
 6594912
 6634051
 6673190
 6712329
 6751468
 6790607
 6829746
 6868885
 6908023
 6947162
 6986301
 7025440
 7064579
 7103718
 7142857
 7181996
 7221135
 7260274
 7299413
 7338552
 7377691
 7416830
 7455969
 7495108
 7534247
 7573386
 7612524
 7651663
 7690802
 7729941
 7769080
 7808219
 7847358
 7886497
 7925636
 7964775
 8003914
 8043053
 8082192
 8121331
 8160470
 8199609
 8238748
 8277886
 8317025
 8356164
 8395303
 8434442
 8473581
 8512720
 8551859
 8590998
 8630137
 8669276
 8708415
 8747554
 8786693
 8825832
 8864971
 8904110
 8943249
 8982387
 9021526
 9060665
 9099804
 9138943
 9178082
 9217221
 9256360
 9295499
 9334638
 9373777
 9412916
 9452055
 9491194
 9530333
 9569472
 9608611
 9647750
 9686888
 9726027
 9765166
 9804305
 9843444
 9882583
 9921722
 9960861
10000000
