##TITLE= Parameter file, TopSpin 3.6.2
##JCAMPDX= 5.0
##DATATYPE= Parameter Values
##NPOINTS= 1	$$ modification sequence number
##ORIGIN= Bruker BioSpin GmbH
##OWNER= nmr
$$ 2023-04-20 19:10:55.201 +0900  nmr@nmr500
$$ /opt/nmrdata/data/BBO_Gr/cpmg_hsqc/62/pdata/1/clevels
$$ process /opt/topspin3.6.2/prog/mod/edparproc
##$LEVELS= (0..255)
-3488580.4 -2683523.4 -2064248.8 -1587883.7 -1221449 -939576.1 -722750.9
-555962.2 -427663.2 -328971.7 -253055.2 -194657.8 -149736.8 -115182.1 -88601.6
-68155.1 -52427 -40328.5 -31021.9 -23863 23863 31021.9 40328.5 52427 68155.1
88601.6 115182.1 149736.8 194657.8 253055.2 328971.7 427663.2 555962.2
722750.9 939576.1 1221449 1587883.7 2064248.8 2683523.4 3488580.4 0 0 0
0 0 0 0 0 0 0 0 0 0 0 0 0 0 0 0 0 0 0 0 0 0 0 0 0 0 0 0 0 0 0 0 0 0 0 0
0 0 0 0 0 0 0 0 0 0 0 0 0 0 0 0 0 0 0 0 0 0 0 0 0 0 0 0 0 0 0 0 0 0 0 0
0 0 0 0 0 0 0 0 0 0 0 0 0 0 0 0 0 0 0 0 0 0 0 0 0 0 0 0 0 0 0 0 0 0 0 0
0 0 0 0 0 0 0 0 0 0 0 0 0 0 0 0 0 0 0 0 0 0 0 0 0 0 0 0 0 0 0 0 0 0 0 0
0 0 0 0 0 0 0 0 0 0 0 0 0 0 0 0 0 0 0 0 0 0 0 0 0 0 0 0 0 0 0 0 0 0 0 0
0 0 0 0 0 0 0 0 0 0 0 0 0 0 0 0 0 0 0 0 0 0 0 0 0 0 0 0 0 0 0 0 0
##$LEVSIGN= 3
##$MAXLEV= 20
##$METHOD= 0
##$NEGBASE= -23863
##$NEGINCR= 1.3
##$POSBASE= 23863
##$POSINCR= 1.3
##END=
